297728 648.000000 35
276288 746.000000 82
152639 800.000000 90
127027 966.000000 127
117926 458.000000 21
128736 340.000000 24
268429 404.000000 27
36004 420.000000 14
28319 748.000000 42
157192 459.000000 105
131507 327.000000 10
267484 660.000000 55
269636 596.000000 41
3182 455.000000 17
119588 580.000000 26
17717 364.000000 16
132220 511.000000 29
22694 184.000000 4
339793 321.000000 20
35728 771.000000 64
133752 299.000000 16
37454 521.000000 22
131821 514.000000 14
553669 486.000000 19
109135 346.000000 13
268153 251.000000 11
159372 789.000000 63
297791 814.000000 84
155412 208.000000 7
120020 443.000000 22
158463 303.000000 17
123442 576.000000 60
160009 710.000000 23
407433 242.000000 9
1862 473.000000 14
392672 409.000000 12
270388 465.000000 15
407359 368.000000 16
153021 509.000000 35
29755 523.000000 7
148342 366.000000 12
268958 318.000000 5
120880 424.000000 14
106996 432.000000 20
159086 513.000000 20
272637 402.000000 18
1815 406.000000 13
38495 463.000000 17
300584 182.000000 8
125574 502.000000 84
148695 404.000000 15
126871 516.000000 13
3982 545.000000 14
104966 332.000000 14
120761 257.000000 11
271700 429.000000 28
407259 257.000000 12
120984 324.000000 14
15259 708.000000 41
155608 350.000000 16
2557 328.000000 11
128534 309.000000 13
158935 514.000000 9
271576 497.000000 20
23816 500.000000 33
28300 500.000000 24
39745 295.000000 9
642061 676.000000 35
390009 499.000000 17
15119 327.000000 6
47720 378.000000 15
159041 290.000000 10
403192 754.000000 66
3223 406.000000 16
265831 321.000000 19
36989 633.000000 23
25193 242.000000 15
270367 670.000000 23
301170 490.000000 32
270057 505.000000 16
303949 422.000000 13
160774 402.000000 9
157521 330.000000 16
159622 261.000000 13
298034 504.000000 15
20082 429.000000 12
127341 196.000000 5
134549 592.000000 23
411773 258.000000 6
298939 426.000000 15
122946 267.000000 8
155083 212.000000 5
4043 130.000000 5
109066 388.000000 8
3743 449.000000 10
35956 191.000000 4
29105 539.000000 18
39755 506.000000 18
40269 264.000000 9
275776 253.000000 6
404896 341.000000 14
22610 437.000000 16
1476 570.000000 12
297632 519.000000 18
412120 259.000000 10
3479 368.000000 10
6588 264.000000 14
154200 301.000000 23
411732 309.000000 10
127459 159.000000 4
1017 615.000000 34
137099 298.000000 11
390429 617.000000 18
270040 729.000000 17
5924 303.000000 22
2419 128.000000 4
388689 754.000000 23
17540 425.000000 20
104918 299.000000 7
38999 685.000000 25
2368 271.000000 10
388303 357.000000 11
402980 257.000000 8
125764 157.000000 4
156337 142.000000 8
28388 417.000000 6
4774 428.000000 9
157370 583.000000 12
392562 331.000000 5
339072 370.000000 10
106613 210.000000 5
340247 202.000000 7
275501 213.000000 5
159739 468.000000 15
137010 392.000000 24
388719 484.000000 34
126950 448.000000 8
127901 478.000000 10
159238 342.000000 7
647164 417.000000 10
300823 240.000000 7
19276 853.000000 16
403205 748.000000 28
392622 498.000000 14
271072 299.000000 8
40670 328.000000 4
26369 328.000000 7
154329 338.000000 10
148282 336.000000 5
160739 291.000000 13
19232 536.000000 8
14923 211.000000 4
161122 355.000000 9
36109 261.000000 6
36955 533.000000 31
647307 446.000000 8
403035 207.000000 6
267991 1074.000000 35
12921 331.000000 8
146635 425.000000 7
31562 225.000000 6
87649 411.000000 29
186413 812.000000 102
213710 627.000000 93
84061 506.000000 48
223303 520.000000 14
190008 903.000000 160
66248 742.000000 59
63682 552.000000 135
57003 565.000000 20
190975 596.000000 65
186063 348.000000 13
219440 409.000000 16
205182 933.000000 147
80850 481.000000 34
58977 192.000000 15
511190 497.000000 26
208474 289.000000 32
58840 458.000000 54
203463 1084.000000 77
51094 381.000000 27
216108 505.000000 22
205714 441.000000 49
213649 270.000000 13
217774 211.000000 9
52046 436.000000 37
82814 759.000000 62
187099 415.000000 12
64760 514.000000 25
181461 174.000000 5
228486 426.000000 15
86938 526.000000 21
50304 309.000000 20
194370 424.000000 22
215715 406.000000 8
51273 340.000000 27
70955 348.000000 41
82065 295.000000 12
192126 297.000000 12
194886 282.000000 16
217630 310.000000 11
227477 398.000000 20
369452 315.000000 43
223450 376.000000 8
333184 404.000000 11
185106 430.000000 15
198832 359.000000 13
214870 806.000000 26
184486 599.000000 27
82858 462.000000 28
60785 296.000000 16
103625 365.000000 10
223464 233.000000 7
215689 325.000000 7
214369 444.000000 11
86557 376.000000 14
64470 162.000000 7
51479 542.000000 35
214492 257.000000 7
219922 195.000000 7
180453 441.000000 13
214507 315.000000 7
215520 189.000000 4
221944 261.000000 7
186762 324.000000 16
70487 209.000000 7
183169 132.000000 5
217641 312.000000 8
216942 355.000000 5
63433 422.000000 16
220045 492.000000 11
217787 450.000000 11
66844 221.000000 9
199554 915.000000 44
214332 225.000000 4
83151 303.000000 5
72304 668.000000 77
375153 643.000000 50
194794 216.000000 5
387738 522.000000 14
84078 307.000000 6
228517 295.000000 5
185007 322.000000 4
215397 229.000000 5
225681 409.000000 12
214544 197.000000 5
200308 347.000000 12
190685 379.000000 7
226812 372.000000 22
219579 741.000000 10
206678 235.000000 6
183068 327.000000 6
215939 401.000000 15
394066 463.000000 19
364431 428.000000 20
327147 951.000000 85
346272 535.000000 59
43493 1156.000000 199
472703 974.000000 166
439602 356.000000 32
145036 416.000000 14
309127 481.000000 27
284952 524.000000 26
326723 1127.000000 93
380657 371.000000 21
285481 409.000000 20
344087 523.000000 34
398090 822.000000 101
394383 503.000000 33
345906 684.000000 85
344806 492.000000 32
280924 613.000000 30
294914 556.000000 47
322610 661.000000 115
143010 583.000000 19
443658 670.000000 38
316750 437.000000 37
449638 387.000000 14
296700 479.000000 35
344913 441.000000 43
394401 410.000000 30
316769 203.000000 6
448246 223.000000 8
358544 625.000000 41
310162 305.000000 17
382184 555.000000 15
242828 305.000000 18
343908 621.000000 54
346127 395.000000 27
435036 365.000000 14
342146 349.000000 6
480487 339.000000 13
249005 635.000000 46
260030 597.000000 180
288553 202.000000 7
319289 359.000000 13
286682 323.000000 16
173530 468.000000 19
142847 199.000000 9
41938 393.000000 10
97864 300.000000 21
449629 256.000000 12
142779 577.000000 42
472441 482.000000 30
239862 441.000000 20
288887 398.000000 18
386784 463.000000 17
295566 438.000000 27
318843 497.000000 19
363534 518.000000 13
179562 436.000000 32
361477 470.000000 19
472821 520.000000 24
237759 556.000000 61
263135 448.000000 28
316406 362.000000 17
434031 364.000000 27
311864 449.000000 24
174380 507.000000 41
358680 272.000000 9
346292 283.000000 11
344426 247.000000 10
386944 556.000000 14
451263 573.000000 16
312759 427.000000 41
505568 536.000000 49
137455 529.000000 29
139474 501.000000 34
366695 629.000000 12
380888 326.000000 10
167002 286.000000 15
425230 295.000000 11
173921 313.000000 15
361753 263.000000 12
247812 262.000000 8
293836 637.000000 42
346876 386.000000 16
313063 403.000000 24
307154 265.000000 11
137850 256.000000 16
172392 321.000000 17
44903 583.000000 83
89936 388.000000 16
473309 229.000000 8
292218 366.000000 33
311764 410.000000 28
310368 315.000000 19
288151 329.000000 14
445467 623.000000 56
313595 526.000000 19
95173 406.000000 13
380932 291.000000 7
288903 627.000000 40
295640 280.000000 15
259823 352.000000 8
384653 352.000000 18
361443 403.000000 13
41969 409.000000 15
285183 479.000000 20
174296 206.000000 11
421393 264.000000 8
442822 408.000000 10
343402 427.000000 16
438790 554.000000 9
278703 376.000000 19
113858 264.000000 14
89995 344.000000 23
288681 238.000000 9
380596 389.000000 12
258862 272.000000 20
97159 547.000000 16
48116 204.000000 15
359405 361.000000 35
378487 120.000000 4
472841 484.000000 21
290059 307.000000 14
442581 442.000000 20
89630 541.000000 19
320356 317.000000 12
441480 328.000000 7
441886 282.000000 32
174513 142.000000 4
381070 298.000000 5
424655 389.000000 14
440695 329.000000 9
344746 570.000000 12
345195 496.000000 14
394561 382.000000 9
109702 756.000000 28
346082 351.000000 16
248353 178.000000 4
380029 182.000000 5
471984 504.000000 36
173923 184.000000 5
344397 207.000000 7
358738 325.000000 8
363580 519.000000 26
42242 396.000000 10
139052 252.000000 7
284459 601.000000 21
384412 213.000000 7
364468 473.000000 13
96890 239.000000 5
359287 352.000000 11
233081 802.000000 20
137904 405.000000 7
383740 145.000000 8
342067 147.000000 4
172640 324.000000 13
306546 601.000000 14
449623 314.000000 8
310387 331.000000 14
231246 479.000000 8
341455 142.000000 4
368619 902.000000 30
449307 884.000000 26
480460 159.000000 5
97097 400.000000 11
435202 125.000000 4
143846 462.000000 27
480328 420.000000 19
109579 257.000000 15
472730 429.000000 9
310180 208.000000 4
472426 317.000000 7
442258 332.000000 24
424851 220.000000 11
89639 305.000000 5
96733 420.000000 5
379804 683.000000 19
394092 388.000000 11
425098 343.000000 11
283438 180.000000 8
313713 194.000000 5
244248 310.000000 12
313891 582.000000 19
344428 193.000000 5
361399 226.000000 5
284940 139.000000 4
48004 333.000000 10
363795 196.000000 5
138159 548.000000 11
284305 349.000000 16
345834 280.000000 9
140689 570.000000 11
318995 516.000000 12
174060 465.000000 9
283308 386.000000 18
113954 200.000000 6
174151 263.000000 6
315302 547.000000 19
450426 118.000000 5
284345 502.000000 32
382419 617.000000 14
318004 312.000000 8
307903 518.000000 11
343826 543.000000 18
97912 331.000000 13
141945 251.000000 5
306552 635.000000 13
138352 362.000000 27
44171 144.000000 8
289153 598.000000 36
325197 496.000000 7
174896 367.000000 7
92918 596.000000 19
314924 502.000000 12
177583 377.000000 25
173591 274.000000 5
442228 208.000000 10
287730 242.000000 4
173664 402.000000 8
345019 393.000000 11
342518 397.000000 16
249776 233.000000 4
233620 236.000000 5
366613 512.000000 29
386393 278.000000 6
41447 291.000000 5
46080 613.000000 17
316836 453.000000 9
472213 391.000000 12
328831 164.000000 7
343635 371.000000 13
366599 693.000000 18
111418 357.000000 8
310037 195.000000 4
248374 339.000000 12
444869 272.000000 17
