1017 34 615.000000
1476 12 570.000000
1815 13 406.000000
1862 14 473.000000
2368 10 271.000000
2419 4 128.000000
2557 11 328.000000
3182 17 455.000000
3223 16 406.000000
3479 10 368.000000
3743 10 449.000000
3982 14 545.000000
4043 5 130.000000
4774 9 428.000000
5924 22 303.000000
6588 14 264.000000
12921 8 331.000000
14923 4 211.000000
15119 6 327.000000
15259 41 708.000000
17540 20 425.000000
17717 16 364.000000
19232 8 536.000000
19276 16 853.000000
20082 12 429.000000
22610 16 437.000000
22694 4 184.000000
23816 33 500.000000
25193 15 242.000000
26369 7 328.000000
28300 24 500.000000
28319 42 748.000000
28388 6 417.000000
29105 18 539.000000
29755 7 523.000000
31562 6 225.000000
35728 64 771.000000
35956 4 191.000000
36004 14 420.000000
36109 6 261.000000
36955 31 533.000000
36989 23 633.000000
37454 22 521.000000
38495 17 463.000000
38999 25 685.000000
39745 9 295.000000
39755 18 506.000000
40269 9 264.000000
40670 4 328.000000
41447 5 291.000000
41938 10 393.000000
41969 15 409.000000
42242 10 396.000000
43493 199 1156.000000
44171 8 144.000000
44903 83 583.000000
46080 17 613.000000
47720 15 378.000000
48004 10 333.000000
48116 15 204.000000
50304 20 309.000000
51094 27 381.000000
51273 27 340.000000
51479 35 542.000000
52046 37 436.000000
57003 20 565.000000
58840 54 458.000000
58977 15 192.000000
60785 16 296.000000
63433 16 422.000000
63682 135 552.000000
64470 7 162.000000
64760 25 514.000000
66248 59 742.000000
66844 9 221.000000
70487 7 209.000000
70955 41 348.000000
72304 77 668.000000
80850 34 481.000000
82065 12 295.000000
82814 62 759.000000
82858 28 462.000000
83151 5 303.000000
84061 48 506.000000
84078 6 307.000000
86557 14 376.000000
86938 21 526.000000
89630 19 541.000000
89639 5 305.000000
89936 16 388.000000
89995 23 344.000000
92918 19 596.000000
95173 13 406.000000
96733 5 420.000000
96890 5 239.000000
97097 11 400.000000
97159 16 547.000000
97864 21 300.000000
97912 13 331.000000
103625 10 365.000000
104918 7 299.000000
104966 14 332.000000
106613 5 210.000000
106996 20 432.000000
109066 8 388.000000
109135 13 346.000000
109579 15 257.000000
109702 28 756.000000
111418 8 357.000000
113858 14 264.000000
113954 6 200.000000
119588 26 580.000000
120020 22 443.000000
120761 11 257.000000
120880 14 424.000000
120984 14 324.000000
122946 8 267.000000
123442 60 576.000000
125574 84 502.000000
125764 4 157.000000
126871 13 516.000000
126950 8 448.000000
127027 127 966.000000
127341 5 196.000000
127459 4 159.000000
127901 10 478.000000
128534 13 309.000000
128736 24 340.000000
131821 14 514.000000
132220 29 511.000000
133752 16 299.000000
134549 23 592.000000
137010 24 392.000000
137099 11 298.000000
137455 29 529.000000
137850 16 256.000000
137904 7 405.000000
138159 11 548.000000
138352 27 362.000000
139052 7 252.000000
139474 34 501.000000
140689 11 570.000000
141945 5 251.000000
142779 42 577.000000
142847 9 199.000000
143010 19 583.000000
143846 27 462.000000
145036 14 416.000000
146635 7 425.000000
148282 5 336.000000
148342 12 366.000000
148695 15 404.000000
152639 90 800.000000
153021 35 509.000000
154200 23 301.000000
154329 10 338.000000
155083 5 212.000000
155412 7 208.000000
155608 16 350.000000
156337 8 142.000000
157192 105 459.000000
157370 12 583.000000
157521 16 330.000000
158463 17 303.000000
158935 9 514.000000
159041 10 290.000000
159086 20 513.000000
159238 7 342.000000
159372 63 789.000000
159622 13 261.000000
159739 15 468.000000
160009 23 710.000000
160739 13 291.000000
160774 9 402.000000
161122 9 355.000000
167002 15 286.000000
172392 17 321.000000
172640 13 324.000000
173530 19 468.000000
173591 5 274.000000
173664 8 402.000000
173921 15 313.000000
173923 5 184.000000
174060 9 465.000000
174151 6 263.000000
174296 11 206.000000
174380 41 507.000000
174513 4 142.000000
174896 7 367.000000
177583 25 377.000000
179562 32 436.000000
180453 13 441.000000
181461 5 174.000000
183068 6 327.000000
183169 5 132.000000
184486 27 599.000000
185007 4 322.000000
185106 15 430.000000
186063 13 348.000000
186413 102 812.000000
186762 16 324.000000
187099 12 415.000000
190008 160 903.000000
190685 7 379.000000
190975 65 596.000000
192126 12 297.000000
194370 22 424.000000
194794 5 216.000000
194886 16 282.000000
198832 13 359.000000
199554 44 915.000000
203463 77 1084.000000
205182 147 933.000000
205714 49 441.000000
206678 6 235.000000
208474 32 289.000000
213649 13 270.000000
213710 93 627.000000
214332 4 225.000000
214369 11 444.000000
214492 7 257.000000
214507 7 315.000000
214544 5 197.000000
214870 26 806.000000
215397 5 229.000000
215520 4 189.000000
215689 7 325.000000
215715 8 406.000000
215939 15 401.000000
216108 22 505.000000
216942 5 355.000000
217630 11 310.000000
217641 8 312.000000
217774 9 211.000000
217787 11 450.000000
219440 16 409.000000
219579 10 741.000000
219922 7 195.000000
220045 11 492.000000
221944 7 261.000000
223303 14 520.000000
223450 8 376.000000
223464 7 233.000000
225681 12 409.000000
226812 22 372.000000
227477 20 398.000000
228486 15 426.000000
228517 5 295.000000
231246 8 479.000000
233081 20 802.000000
233620 5 236.000000
237759 61 556.000000
239862 20 441.000000
242828 18 305.000000
244248 12 310.000000
247812 8 262.000000
248353 4 178.000000
248374 12 339.000000
249005 46 635.000000
249776 4 233.000000
258862 20 272.000000
259823 8 352.000000
260030 180 597.000000
263135 28 448.000000
265831 19 321.000000
267484 55 660.000000
267991 35 1074.000000
268153 11 251.000000
268429 27 404.000000
268958 5 318.000000
269636 41 596.000000
270040 17 729.000000
270057 16 505.000000
270367 23 670.000000
270388 15 465.000000
271072 8 299.000000
271576 20 497.000000
271700 28 429.000000
272637 18 402.000000
275501 5 213.000000
275776 6 253.000000
276288 82 746.000000
278703 19 376.000000
280924 30 613.000000
283308 18 386.000000
283438 8 180.000000
284305 16 349.000000
284345 32 502.000000
284459 21 601.000000
284940 4 139.000000
284952 26 524.000000
285183 20 479.000000
285481 20 409.000000
286682 16 323.000000
287730 4 242.000000
288151 14 329.000000
288553 7 202.000000
288681 9 238.000000
288887 18 398.000000
288903 40 627.000000
289153 36 598.000000
290059 14 307.000000
292218 33 366.000000
293836 42 637.000000
294914 47 556.000000
295566 27 438.000000
295640 15 280.000000
296700 35 479.000000
297632 18 519.000000
297728 35 648.000000
297791 84 814.000000
298034 15 504.000000
298939 15 426.000000
300584 8 182.000000
300823 7 240.000000
301170 32 490.000000
303949 13 422.000000
306546 14 601.000000
306552 13 635.000000
307154 11 265.000000
307903 11 518.000000
309127 27 481.000000
310037 4 195.000000
310162 17 305.000000
310180 4 208.000000
310368 19 315.000000
310387 14 331.000000
311764 28 410.000000
311864 24 449.000000
312759 41 427.000000
313063 24 403.000000
313595 19 526.000000
313713 5 194.000000
313891 19 582.000000
314924 12 502.000000
315302 19 547.000000
316406 17 362.000000
316750 37 437.000000
316769 6 203.000000
316836 9 453.000000
318004 8 312.000000
318843 19 497.000000
318995 12 516.000000
319289 13 359.000000
320356 12 317.000000
322610 115 661.000000
325197 7 496.000000
326723 93 1127.000000
327147 85 951.000000
328831 7 164.000000
333184 11 404.000000
339072 10 370.000000
339793 20 321.000000
340247 7 202.000000
341455 4 142.000000
342067 4 147.000000
342146 6 349.000000
342518 16 397.000000
343402 16 427.000000
343635 13 371.000000
343826 18 543.000000
343908 54 621.000000
344087 34 523.000000
344397 7 207.000000
344426 10 247.000000
344428 5 193.000000
344746 12 570.000000
344806 32 492.000000
344913 43 441.000000
345019 11 393.000000
345195 14 496.000000
345834 9 280.000000
345906 85 684.000000
346082 16 351.000000
346127 27 395.000000
346272 59 535.000000
346292 11 283.000000
346876 16 386.000000
358544 41 625.000000
358680 9 272.000000
358738 8 325.000000
359287 11 352.000000
359405 35 361.000000
361399 5 226.000000
361443 13 403.000000
361477 19 470.000000
361753 12 263.000000
363534 13 518.000000
363580 26 519.000000
363795 5 196.000000
364431 20 428.000000
364468 13 473.000000
366599 18 693.000000
366613 29 512.000000
366695 12 629.000000
368619 30 902.000000
369452 43 315.000000
375153 50 643.000000
378487 4 120.000000
379804 19 683.000000
380029 5 182.000000
380596 12 389.000000
380657 21 371.000000
380888 10 326.000000
380932 7 291.000000
381070 5 298.000000
382184 15 555.000000
382419 14 617.000000
383740 8 145.000000
384412 7 213.000000
384653 18 352.000000
386393 6 278.000000
386784 17 463.000000
386944 14 556.000000
387738 14 522.000000
388303 11 357.000000
388689 23 754.000000
388719 34 484.000000
390009 17 499.000000
390429 18 617.000000
392562 5 331.000000
392622 14 498.000000
392672 12 409.000000
394066 19 463.000000
394092 11 388.000000
394383 33 503.000000
394401 30 410.000000
394561 9 382.000000
398090 101 822.000000
402980 8 257.000000
403035 6 207.000000
403192 66 754.000000
403205 28 748.000000
404896 14 341.000000
407259 12 257.000000
407359 16 368.000000
407433 9 242.000000
411732 10 309.000000
411773 6 258.000000
412120 10 259.000000
421393 8 264.000000
424655 14 389.000000
424851 11 220.000000
425098 11 343.000000
425230 11 295.000000
434031 27 364.000000
435036 14 365.000000
435202 4 125.000000
438790 9 554.000000
439602 32 356.000000
440695 9 329.000000
441480 7 328.000000
441886 32 282.000000
442228 10 208.000000
442258 24 332.000000
442581 20 442.000000
442822 10 408.000000
443658 38 670.000000
444869 17 272.000000
445467 56 623.000000
448246 8 223.000000
449307 26 884.000000
449623 8 314.000000
449629 12 256.000000
449638 14 387.000000
450426 5 118.000000
451263 16 573.000000
471984 36 504.000000
472213 12 391.000000
472426 7 317.000000
472441 30 482.000000
472703 166 974.000000
472730 9 429.000000
472821 24 520.000000
472841 21 484.000000
473309 8 229.000000
480328 19 420.000000
480460 5 159.000000
480487 13 339.000000
505568 49 536.000000
511190 26 497.000000
642061 35 676.000000
647164 10 417.000000
647307 8 446.000000
