149.160889 -0.358020 0.087761 0.000018 0.000000 240.418533 7.355214 0.044307 0.040000 615.000000 34.000000
148.389954 0.923651 0.094847 0.000024 0.000000 113.150772 12.251008 0.039277 0.008000 570.000000 12.000000
148.408356 0.588784 0.091774 0.000020 0.000000 274.076904 8.340378 0.052457 0.040000 406.000000 13.000000
149.340286 1.209472 0.062265 0.000012 0.000000 258.147186 5.540920 0.020856 0.040000 473.000000 14.000000
150.775848 0.454107 0.045104 0.000013 0.000000 266.547150 6.160388 0.026025 0.040000 271.000000 10.000000
150.844574 0.840480 0.098249 0.000023 0.000000 237.377960 9.142932 0.023692 0.017000 128.000000 4.000000
152.105026 0.175919 0.095529 0.000020 0.000000 265.315155 9.170259 0.028828 0.017000 328.000000 11.000000
154.934433 -0.638366 0.093574 0.000022 0.000000 265.681274 10.020965 0.052698 0.040000 455.000000 17.000000
154.452682 -0.030765 0.063586 0.000018 0.000000 312.422516 9.114738 0.045688 0.040000 406.000000 16.000000
154.447815 0.330301 0.095958 0.000019 0.000000 173.452942 8.155811 0.039610 0.017000 368.000000 10.000000
155.898087 -0.221528 0.095329 0.000018 0.000000 259.970306 7.016801 0.065624 0.040000 449.000000 10.000000
155.883698 0.173730 0.095662 0.000020 0.000000 277.785706 8.422307 0.045893 0.040000 545.000000 14.000000
156.589432 0.488229 0.097755 0.000018 0.000000 220.062668 7.668659 0.052883 0.017000 130.000000 5.000000
159.373962 -0.677922 0.095565 0.000014 0.000000 317.257904 6.209508 0.064162 0.040000 428.000000 9.000000
162.495224 0.322309 0.038999 0.000011 0.000000 279.101379 4.770204 0.041426 0.040000 303.000000 22.000000
168.271637 0.003048 0.039636 0.000011 0.000000 250.729904 5.339455 0.044663 0.040000 264.000000 14.000000
184.204605 -0.741765 0.070805 0.000012 0.000000 255.850357 5.264212 0.022705 0.040000 331.000000 8.000000
191.239090 -0.043118 0.048245 0.000011 0.000000 294.806854 5.649180 0.018715 0.040000 211.000000 4.000000
190.692459 0.539867 0.079773 0.000021 0.000000 206.052414 9.237065 0.019798 0.040000 327.000000 6.000000
191.713394 0.296990 0.089188 0.000017 0.000000 311.239655 7.120100 0.019877 0.040000 708.000000 41.000000
198.213043 1.001801 0.074256 0.000013 0.000000 202.855164 5.391026 0.043648 0.017000 425.000000 20.000000
199.135696 0.870285 0.079857 0.000017 0.000000 212.240997 6.736170 0.029161 0.040000 364.000000 16.000000
201.942261 0.967848 0.082564 0.000019 0.000000 247.294327 8.273984 0.026426 0.017000 536.000000 8.000000
202.337906 0.749702 0.079198 0.000021 0.000000 192.916367 9.251956 0.029557 0.017000 853.000000 16.000000
202.680344 1.252413 0.078839 0.000017 0.000000 228.674194 7.490305 0.031273 0.040000 429.000000 12.000000
211.911957 -0.955326 0.053850 0.000014 0.000000 260.206726 5.878610 0.053443 0.040000 437.000000 16.000000
211.473114 -1.204478 0.054364 0.000013 0.000000 219.160507 5.554074 0.062842 0.040000 184.000000 4.000000
214.457764 0.510972 0.052092 0.000012 0.000000 272.795013 5.327358 0.036328 0.040000 500.000000 33.000000
217.419296 0.366376 0.055747 0.000011 0.000000 294.607513 5.492957 0.038164 0.040000 242.000000 15.000000
223.066940 -0.293633 0.043382 0.000010 0.000000 191.140884 4.608268 0.053258 0.017000 328.000000 7.000000
226.688034 -1.231706 0.071141 0.000015 0.000000 272.454407 7.177721 0.070013 0.040000 500.000000 24.000000
227.107346 -0.266291 0.090321 0.000017 0.000000 243.603775 7.032577 0.058315 0.017000 748.000000 42.000000
227.442734 0.592805 0.088740 0.000024 0.000000 231.878708 9.510676 0.052519 0.017000 417.000000 6.000000
232.303085 -0.252197 0.088545 0.000019 0.000000 250.275208 7.897239 0.092169 0.040000 539.000000 18.000000
232.638733 -0.809294 0.076727 0.000021 0.000000 302.608643 8.838936 0.122537 0.040000 523.000000 7.000000
175.436874 -2.741316 0.054604 0.000010 0.000000 195.414246 3.968834 0.021165 0.017000 225.000000 6.000000
192.308670 -1.687394 0.084400 0.000018 0.000000 242.513931 8.124654 0.027337 0.040000 771.000000 64.000000
192.427994 -3.122669 0.089513 0.000023 0.000000 287.648590 10.261788 0.023961 0.017000 191.000000 4.000000
192.011185 -1.652840 0.088001 0.000020 0.000000 264.501312 8.815595 0.028686 0.040000 420.000000 14.000000
192.936523 -1.858739 0.081826 0.000021 0.000000 270.918243 9.992343 0.022413 0.040000 261.000000 6.000000
195.281418 -3.447956 0.083367 0.000017 0.000000 251.623825 7.093060 0.030647 0.040000 533.000000 31.000000
195.142731 -2.134062 0.085158 0.000018 0.000000 251.582352 7.579789 0.022050 0.040000 633.000000 23.000000
197.329544 -1.622527 0.083296 0.000019 0.000000 302.388763 7.967499 0.029228 0.040000 521.000000 22.000000
200.758774 -1.711398 0.085215 0.000015 0.000000 197.560562 6.498229 0.030058 0.017000 463.000000 17.000000
240.306320 -0.586521 0.056448 0.000017 0.000000 130.657776 7.685294 0.173423 0.008000 685.000000 25.000000
241.057083 0.053544 0.059096 0.000015 0.000000 251.444901 6.719798 0.155659 0.040000 295.000000 9.000000
241.315277 0.138098 0.060653 0.000016 0.000000 260.146667 6.844657 0.212603 0.040000 506.000000 18.000000
243.154617 0.379970 0.043145 0.000010 0.000000 153.630997 4.020472 0.133843 0.017000 264.000000 9.000000
245.367477 0.603254 0.085543 0.000017 0.000000 191.459366 7.205288 0.082295 0.017000 328.000000 4.000000
256.995636 63.361282 0.077618 0.000012 0.000000 228.671677 4.879557 0.028246 0.040000 291.000000 5.000000
259.629761 64.418106 0.089299 0.000017 0.000000 234.215759 6.364584 0.032886 0.017000 393.000000 10.000000
258.875183 64.664307 0.078976 0.000015 0.000000 312.250854 6.227921 0.026449 0.040000 409.000000 15.000000
258.627533 65.289719 0.079909 0.000016 0.000000 218.882767 7.226681 0.028619 0.017000 396.000000 10.000000
258.120056 64.060760 0.073465 0.000024 0.000000 272.278015 9.934822 0.025414 0.017000 1156.000000 199.000000
263.050812 59.941551 0.027867 0.000010 0.000000 210.187805 4.457183 0.034108 0.017000 144.000000 8.000000
258.845795 57.411190 0.027303 0.000008 0.000000 292.254150 4.541759 0.035724 0.040000 583.000000 83.000000
262.338287 54.257221 0.083857 0.000015 0.000000 240.578995 6.744724 0.044543 0.017000 613.000000 17.000000
246.004074 0.790895 0.057432 0.000010 0.000000 210.178604 4.363631 0.085324 0.017000 378.000000 15.000000
260.662262 58.605740 0.079670 0.000022 0.000000 147.575180 8.144656 0.025445 0.017000 333.000000 10.000000
261.968842 60.097252 0.027835 0.000009 0.000000 231.055481 4.387610 0.025968 0.040000 204.000000 15.000000
336.785095 -0.727203 0.056780 0.000020 0.000000 205.442612 7.583492 0.069540 0.017000 309.000000 20.000000
337.290649 0.078902 0.056844 0.000015 0.000000 239.260071 7.249083 0.068755 0.040000 381.000000 27.000000
339.979034 -0.988612 0.053068 0.000017 0.000000 183.659515 6.650421 0.050724 0.040000 340.000000 27.000000
338.799835 -1.147185 0.089860 0.000026 0.000000 303.690430 10.730705 0.055042 0.040000 542.000000 35.000000
340.837311 0.473353 0.057908 0.000012 0.000000 206.196106 5.400077 0.070563 0.017000 436.000000 37.000000
1.203958 0.951182 0.099909 0.000028 0.000000 216.982147 10.690450 0.032301 0.017000 565.000000 20.000000
7.368450 -0.212608 0.059865 0.000017 0.000000 249.595963 8.276446 0.022921 0.040000 458.000000 54.000000
5.908283 -0.784168 0.063551 0.000017 0.000000 220.175308 7.617709 0.029501 0.040000 192.000000 15.000000
14.216213 0.005859 0.044823 0.000010 0.000000 190.586182 4.105632 0.025406 0.017000 296.000000 16.000000
20.096436 -0.078961 0.077410 0.000017 0.000000 333.070740 8.038273 0.035112 0.040000 422.000000 16.000000
18.739990 0.430804 0.044819 0.000011 0.000000 252.953766 5.157213 0.027668 0.040000 552.000000 135.000000
24.303638 -0.504315 0.056118 0.000015 0.000000 233.090683 6.778018 0.031487 0.017000 162.000000 7.000000
22.887171 0.555972 0.079241 0.000015 0.000000 251.676071 6.904108 0.023381 0.040000 514.000000 25.000000
29.070654 1.050809 0.078936 0.000018 0.000000 260.151794 8.028502 0.029345 0.040000 742.000000 59.000000
31.487650 0.773324 0.041764 0.000010 0.000000 226.119339 4.691593 0.024669 0.040000 221.000000 9.000000
38.167381 0.260103 0.020561 0.000006 0.000000 168.307190 2.481351 0.027896 0.017000 209.000000 7.000000
42.366467 -0.873033 0.023736 0.000012 0.000000 132.151611 4.820743 0.054470 0.008000 348.000000 41.000000
46.378521 -0.404998 0.028096 0.000009 0.000000 222.043213 4.113913 0.075762 0.040000 668.000000 77.000000
10.799266 15.267281 0.078707 0.000017 0.000000 266.814178 7.439950 0.079275 0.040000 481.000000 34.000000
12.747625 15.889908 0.078251 0.000020 0.000000 263.128021 9.662825 0.068971 0.017000 295.000000 12.000000
17.513187 13.978117 0.058283 0.000013 0.000000 228.427887 5.511968 0.036409 0.040000 759.000000 62.000000
17.363308 14.260054 0.060765 0.000012 0.000000 220.950089 5.743018 0.044795 0.017000 462.000000 28.000000
17.560049 15.069710 0.060414 0.000014 0.000000 134.745850 5.547244 0.053883 0.008000 303.000000 5.000000
18.248146 15.491302 0.043849 0.000016 0.000000 203.409607 6.707991 0.088217 0.040000 506.000000 48.000000
17.809195 14.878152 0.060205 0.000014 0.000000 275.303589 6.147427 0.046579 0.040000 307.000000 6.000000
32.289127 12.389999 0.060516 0.000021 0.000000 171.371155 8.511722 0.236583 0.017000 376.000000 14.000000
26.922327 12.969585 0.073569 0.000013 0.000000 210.750900 5.064851 0.060290 0.017000 526.000000 21.000000
118.934883 41.203941 0.074258 0.000014 0.000000 253.521393 6.098569 0.042176 0.017000 541.000000 19.000000
119.269043 40.995163 0.074888 0.000014 0.000000 229.228210 5.723125 0.045608 0.040000 305.000000 5.000000
118.714691 45.705067 0.052568 0.000012 0.000000 223.421494 5.531235 0.065804 0.040000 388.000000 16.000000
119.184486 45.876923 0.052950 0.000012 0.000000 269.076935 5.920193 0.051334 0.040000 344.000000 23.000000
123.721771 45.792034 0.040240 0.000012 0.000000 189.933167 5.285986 0.050988 0.017000 596.000000 19.000000
131.087708 51.405926 0.096816 0.000030 0.000000 234.094086 11.833200 0.024287 0.017000 406.000000 13.000000
135.283508 52.740765 0.099017 0.000021 0.000000 228.692184 8.115713 0.019293 0.017000 420.000000 5.000000
134.021378 53.552372 0.084591 0.000020 0.000000 264.446014 9.046843 0.019645 0.040000 239.000000 5.000000
134.049713 53.925266 0.098604 0.000017 0.000000 208.304092 6.953499 0.020357 0.017000 400.000000 11.000000
134.652206 54.317371 0.085824 0.000017 0.000000 341.671875 7.877903 0.015945 0.040000 547.000000 16.000000
139.893585 55.583885 0.046295 0.000012 0.000000 199.298965 5.138131 0.028909 0.017000 300.000000 21.000000
139.571152 55.682545 0.047433 0.000010 0.000000 227.003235 4.445281 0.025413 0.040000 331.000000 13.000000
59.582687 -5.538850 0.065175 0.000009 0.000000 219.601700 4.045522 0.118886 0.017000 365.000000 10.000000
134.292923 1.413821 0.069156 0.000014 0.000000 217.763306 5.905004 0.040190 0.017000 299.000000 7.000000
134.520584 1.153738 0.071233 0.000015 0.000000 243.425125 6.450341 0.046675 0.040000 332.000000 14.000000
139.740814 1.148927 0.087784 0.000013 0.000000 223.467392 5.477854 0.023378 0.040000 210.000000 5.000000
140.652405 -0.409027 0.054015 0.000014 0.000000 237.393021 5.883267 0.028796 0.017000 432.000000 20.000000
148.422409 1.700671 0.098372 0.000020 0.000000 290.008026 9.401279 0.025426 0.040000 388.000000 8.000000
147.955139 1.133895 0.064033 0.000012 0.000000 160.060638 4.602269 0.061648 0.017000 346.000000 13.000000
132.437042 57.156460 0.040978 0.000009 0.000000 209.397095 3.701592 0.067847 0.040000 257.000000 15.000000
135.322540 58.279747 0.098879 0.000033 0.000000 197.214172 15.344942 0.036130 0.040000 756.000000 28.000000
144.924454 60.691135 0.073947 0.000014 0.000000 196.628448 6.016866 0.027902 0.040000 357.000000 8.000000
170.564163 67.221863 0.055964 0.000010 0.000000 263.544250 3.917805 0.013668 0.040000 264.000000 14.000000
172.913925 67.241737 0.054124 0.000009 0.000000 222.108765 3.995766 0.010895 0.017000 200.000000 6.000000
155.632477 2.360805 0.072816 0.000012 0.000000 249.409271 5.277504 0.042791 0.040000 580.000000 26.000000
157.245972 3.124344 0.072560 0.000016 0.000000 326.715057 8.764755 0.044101 0.040000 443.000000 22.000000
160.445023 1.386945 0.072073 0.000013 0.000000 309.917236 6.324506 0.042067 0.040000 257.000000 11.000000
159.831116 2.321767 0.082801 0.000016 0.000000 278.763977 7.493446 0.033530 0.040000 424.000000 14.000000
160.497971 2.630314 0.077962 0.000015 0.000000 268.062897 7.021648 0.038290 0.040000 324.000000 14.000000
168.926025 2.892312 0.077296 0.000019 0.000000 151.894562 9.380212 0.051627 0.008000 267.000000 8.000000
170.385681 2.887257 0.048832 0.000011 0.000000 256.913544 5.178970 0.046641 0.040000 576.000000 60.000000
181.112762 1.895996 0.019719 0.000009 0.000000 291.943054 4.278040 0.026914 0.040000 502.000000 84.000000
179.896011 1.867092 0.077546 0.000021 0.000000 180.473343 9.569950 0.023122 0.008000 157.000000 4.000000
183.031357 2.923929 0.075462 0.000012 0.000000 191.217316 5.422047 0.016781 0.017000 516.000000 13.000000
183.463882 2.801603 0.074700 0.000016 0.000000 146.025238 7.691575 0.021615 0.008000 448.000000 8.000000
184.421356 3.655806 0.076768 0.000017 0.000000 227.793427 7.884405 0.016521 0.040000 966.000000 127.000000
184.881027 3.141474 0.075592 0.000018 0.000000 260.641510 7.996053 0.017995 0.040000 196.000000 5.000000
185.949295 2.807477 0.078386 0.000015 0.000000 287.943939 7.031388 0.016072 0.040000 159.000000 4.000000
187.675888 3.163900 0.081620 0.000009 0.000000 231.998016 4.051893 0.025703 0.017000 478.000000 10.000000
190.676880 2.784305 0.086539 0.000013 0.000000 295.834259 6.326026 0.027093 0.040000 309.000000 13.000000
191.303665 1.804802 0.047568 0.000015 0.000000 227.679352 6.354562 0.022862 0.040000 340.000000 24.000000
206.107483 2.109926 0.072123 0.000014 0.000000 352.601288 7.316164 0.024017 0.040000 514.000000 14.000000
206.135651 2.954092 0.077444 0.000013 0.000000 252.452744 5.834929 0.026611 0.040000 511.000000 29.000000
213.635986 1.731568 0.053064 0.000014 0.000000 241.154022 6.364849 0.052630 0.040000 299.000000 16.000000
216.197540 2.664420 0.053501 0.000011 0.000000 240.829407 5.459749 0.034837 0.040000 592.000000 23.000000
227.882370 1.763878 0.039652 0.000013 0.000000 186.197906 5.295923 0.050022 0.040000 392.000000 24.000000
228.446259 2.098039 0.039013 0.000010 0.000000 211.934067 4.197910 0.046973 0.040000 298.000000 11.000000
116.398880 33.962971 0.062516 0.000010 0.000000 249.305069 4.466373 0.048494 0.040000 529.000000 29.000000
119.107330 37.058254 0.077452 0.000017 0.000000 229.659058 7.155793 0.048153 0.017000 256.000000 16.000000
118.857468 36.691437 0.077351 0.000021 0.000000 222.183304 9.291418 0.046546 0.017000 405.000000 7.000000
118.661598 37.253429 0.080692 0.000019 0.000000 172.323166 7.095553 0.046116 0.017000 548.000000 11.000000
119.617119 37.786572 0.040825 0.000012 0.000000 263.217834 5.809814 0.046516 0.040000 362.000000 27.000000
120.704781 40.457405 0.042172 0.000012 0.000000 257.674194 5.644222 0.051711 0.017000 252.000000 7.000000
122.596939 42.273869 0.063499 0.000014 0.000000 357.639557 6.549845 0.046888 0.040000 501.000000 34.000000
125.736191 45.485943 0.046922 0.000007 0.000000 266.184265 3.377527 0.047286 0.040000 570.000000 11.000000
133.708481 51.290024 0.072245 0.000014 0.000000 225.131973 6.099588 0.020555 0.017000 251.000000 5.000000
136.945343 52.071552 0.062337 0.000014 0.000000 201.241669 6.569277 0.016057 0.017000 577.000000 42.000000
136.311874 52.384602 0.062309 0.000016 0.000000 201.143936 6.735708 0.019634 0.017000 199.000000 9.000000
136.976868 52.790531 0.098687 0.000014 0.000000 284.683167 6.805569 0.018315 0.040000 583.000000 19.000000
140.864166 54.829365 0.046054 0.000011 0.000000 273.991119 5.282816 0.026867 0.040000 462.000000 27.000000
148.452805 57.173580 0.080498 0.000018 0.000000 229.550812 7.752935 0.012619 0.017000 416.000000 14.000000
131.382477 2.475874 0.076528 0.000013 0.000000 251.054321 6.049333 0.043540 0.017000 425.000000 7.000000
142.275803 3.585561 0.089001 0.000025 0.000000 134.328217 8.790943 0.038316 0.008000 336.000000 5.000000
141.653198 3.460549 0.088446 0.000017 0.000000 240.245132 7.998151 0.034449 0.017000 366.000000 12.000000
142.744766 3.807708 0.088982 0.000018 0.000000 275.528564 8.112165 0.043281 0.040000 404.000000 15.000000
159.777588 5.209768 0.067715 0.000037 0.000000 297.367889 15.676483 0.025344 0.040000 800.000000 90.000000
159.769547 4.647476 0.068707 0.000015 0.000000 265.021057 7.035465 0.027580 0.040000 509.000000 35.000000
167.602295 4.830041 0.030366 0.000007 0.000000 115.829292 5.624214 0.059394 0.008000 301.000000 23.000000
166.545456 4.336090 0.021533 0.000007 0.000000 183.493149 2.596027 0.069280 0.017000 338.000000 10.000000
212.587387 5.271093 0.090817 0.000022 0.000000 244.907089 10.257728 0.025965 0.017000 212.000000 5.000000
212.885330 4.868840 0.095238 0.000019 0.000000 186.825241 7.699630 0.025570 0.017000 208.000000 7.000000
214.964218 5.061099 0.087471 0.000022 0.000000 217.220413 9.228035 0.029668 0.040000 350.000000 16.000000
216.909317 4.460334 0.056040 0.000013 0.000000 180.832489 5.411485 0.030074 0.017000 142.000000 8.000000
220.178482 3.465422 0.027342 0.000008 0.000000 257.155518 3.495087 0.033187 0.040000 459.000000 105.000000
221.374664 3.924038 0.064839 0.000010 0.000000 300.685425 4.562192 0.032921 0.040000 583.000000 12.000000
223.636444 2.966425 0.027232 0.000011 0.000000 240.847122 5.175765 0.046646 0.040000 330.000000 16.000000
226.548691 3.142568 0.042467 0.000013 0.000000 261.638275 5.701808 0.044830 0.040000 303.000000 17.000000
228.312943 2.816904 0.101113 0.000024 0.000000 218.300934 10.415665 0.040032 0.040000 514.000000 9.000000
227.811264 3.498758 0.076909 0.000019 0.000000 249.072006 7.903572 0.046161 0.040000 290.000000 10.000000
227.497513 3.003070 0.092020 0.000019 0.000000 270.097473 8.661756 0.042999 0.040000 513.000000 20.000000
227.467453 4.407729 0.077650 0.000020 0.000000 216.060730 8.618765 0.039749 0.017000 342.000000 7.000000
228.220703 4.514004 0.036995 0.000015 0.000000 288.557831 6.986850 0.050499 0.040000 789.000000 63.000000
228.974396 3.050312 0.037925 0.000010 0.000000 213.523224 4.729869 0.050448 0.040000 261.000000 13.000000
228.796326 3.848526 0.078337 0.000016 0.000000 312.849487 8.648080 0.042685 0.040000 468.000000 15.000000
231.987640 3.374150 0.084044 0.000018 0.000000 251.165161 7.565815 0.058412 0.040000 710.000000 23.000000
232.457642 3.510868 0.036872 0.000012 0.000000 274.481659 6.103437 0.052916 0.040000 291.000000 13.000000
232.662766 3.494003 0.086516 0.000017 0.000000 275.983093 7.392469 0.052177 0.040000 402.000000 9.000000
235.423676 3.017420 0.064192 0.000023 0.000000 224.193863 10.154893 0.068411 0.040000 355.000000 9.000000
219.097885 60.471306 0.049577 0.000012 0.000000 204.893890 4.829260 0.013538 0.017000 286.000000 15.000000
237.893936 53.395039 0.064239 0.000010 0.000000 188.966217 4.444191 0.015389 0.017000 321.000000 17.000000
239.339157 54.671112 0.046939 0.000012 0.000000 288.726044 5.913427 0.012912 0.040000 324.000000 13.000000
242.403900 53.041233 0.063494 0.000014 0.000000 262.488647 6.928176 0.012401 0.040000 468.000000 19.000000
241.322433 53.120556 0.063502 0.000014 0.000000 212.388062 5.558388 0.014524 0.017000 274.000000 5.000000
240.327484 53.243027 0.062183 0.000018 0.000000 125.634399 8.274205 0.016039 0.008000 402.000000 8.000000
242.383774 53.766075 0.064267 0.000018 0.000000 230.600479 7.305060 0.013553 0.017000 313.000000 15.000000
242.657425 53.405857 0.063890 0.000013 0.000000 287.441742 5.588311 0.008372 0.040000 184.000000 5.000000
243.044006 47.906441 0.093673 0.000018 0.000000 267.480927 8.603114 0.010467 0.040000 465.000000 9.000000
242.681427 47.539562 0.091103 0.000021 0.000000 236.095535 8.859576 0.016074 0.017000 263.000000 6.000000
242.034073 49.200977 0.059400 0.000014 0.000000 262.369690 6.636177 0.020199 0.040000 206.000000 11.000000
243.491989 49.189606 0.059997 0.000013 0.000000 251.124893 5.909916 0.015148 0.040000 507.000000 41.000000
243.581818 50.465588 0.060258 0.000018 0.000000 225.269882 7.533959 0.019792 0.040000 142.000000 4.000000
243.673645 52.566574 0.062443 0.000015 0.000000 196.376373 6.453764 0.021286 0.017000 367.000000 7.000000
249.375732 44.144482 0.032284 0.000013 0.000000 236.214600 5.715881 0.011947 0.017000 377.000000 25.000000
254.087891 39.275162 0.062066 0.000014 0.000000 265.891907 6.642679 0.016236 0.040000 436.000000 32.000000
314.509766 -7.557660 0.080180 0.000021 0.000000 201.047958 7.799081 0.079237 0.017000 441.000000 13.000000
316.394592 -7.592150 0.073106 0.000015 0.000000 162.684296 6.461562 0.084071 0.017000 174.000000 5.000000
324.041901 -8.221387 0.084986 0.000017 0.000000 238.895523 8.315728 0.031798 0.017000 327.000000 6.000000
323.158691 -8.404279 0.095884 0.000009 0.000000 212.412216 9.952345 0.038642 0.008000 132.000000 5.000000
350.734863 -10.045585 0.083954 0.000020 0.000000 275.810486 8.773777 0.027768 0.040000 599.000000 27.000000
351.614502 -9.860885 0.097663 0.000016 0.000000 238.409668 8.390169 0.029470 0.017000 322.000000 4.000000
351.193787 -8.799431 0.096809 0.000019 0.000000 221.491653 7.655765 0.045879 0.017000 430.000000 15.000000
355.237122 -10.741443 0.086797 0.000018 0.000000 249.240891 7.894475 0.031943 0.040000 348.000000 13.000000
358.557037 -10.419044 0.077625 0.000016 0.000000 303.115845 7.462432 0.043193 0.040000 812.000000 102.000000
358.778442 -9.375584 0.074083 0.000016 0.000000 244.184525 7.202660 0.036099 0.040000 324.000000 16.000000
358.889954 -9.654733 0.077268 0.000015 0.000000 214.495529 6.951612 0.034419 0.040000 415.000000 12.000000
10.460272 -9.303146 0.055359 0.000016 0.000000 322.267914 13.479450 0.037702 0.040000 903.000000 160.000000
13.870792 -9.292773 0.055094 0.000014 0.000000 267.513672 6.755250 0.041331 0.017000 379.000000 7.000000
13.966185 -9.985606 0.054734 0.000016 0.000000 305.588867 6.994406 0.037176 0.040000 596.000000 65.000000
19.602411 -8.878160 0.065487 0.000013 0.000000 293.712189 6.293557 0.035466 0.040000 297.000000 12.000000
26.651842 -9.695882 0.052103 0.000015 0.000000 199.746124 6.031523 0.028706 0.017000 424.000000 22.000000
29.099112 -9.626698 0.052878 0.000014 0.000000 238.163193 6.667723 0.021952 0.040000 216.000000 5.000000
28.575308 -9.713482 0.052351 0.000014 0.000000 294.601379 6.567727 0.023763 0.040000 282.000000 16.000000
337.689545 -1.157619 0.056887 0.000017 0.000000 220.345459 7.112745 0.065114 0.040000 359.000000 13.000000
340.760864 -0.231095 0.057837 0.000011 0.000000 192.418152 4.669732 0.064132 0.017000 915.000000 44.000000
4.177307 -0.445445 0.064477 0.000014 0.000000 279.102264 6.248785 0.028483 0.040000 1084.000000 77.000000
14.067167 -1.255383 0.044509 0.000013 0.000000 261.250946 5.567668 0.038654 0.040000 933.000000 147.000000
14.437670 -0.419423 0.043839 0.000013 0.000000 292.796417 6.256316 0.047369 0.040000 441.000000 49.000000
19.637226 1.158548 0.044237 0.000011 0.000000 209.377808 4.568521 0.034273 0.017000 235.000000 6.000000
30.572020 -1.127849 0.042547 0.000013 0.000000 253.695953 5.571262 0.027251 0.040000 289.000000 32.000000
329.194824 -6.947329 0.064755 0.000015 0.000000 261.009003 6.670591 0.032877 0.040000 270.000000 13.000000
329.372620 -7.795741 0.057954 0.000015 0.000000 271.876617 6.660267 0.037541 0.040000 627.000000 93.000000
333.131775 -9.010384 0.070013 0.000011 0.000000 277.911316 4.982574 0.047185 0.040000 225.000000 4.000000
332.488678 -9.616021 0.082676 0.000016 0.000000 258.270660 6.503501 0.041084 0.017000 444.000000 11.000000
331.266846 -9.024120 0.063935 0.000012 0.000000 254.033035 5.096388 0.032181 0.040000 257.000000 7.000000
331.784607 -9.362173 0.082018 0.000021 0.000000 159.472275 10.273521 0.035229 0.008000 315.000000 7.000000
331.630188 -9.527804 0.082179 0.000023 0.000000 174.046600 8.241786 0.033991 0.017000 197.000000 5.000000
334.197449 -9.724778 0.092464 0.000019 0.000000 243.446655 8.064523 0.063761 0.040000 806.000000 26.000000
335.885712 -9.077191 0.085158 0.000020 0.000000 221.168365 8.908121 0.046571 0.017000 229.000000 5.000000
334.418152 -9.197836 0.093773 0.000021 0.000000 198.335266 8.020478 0.069813 0.017000 189.000000 4.000000
336.370026 -8.727954 0.083572 0.000017 0.000000 218.615540 6.965333 0.043154 0.017000 325.000000 7.000000
336.542053 -8.743039 0.083374 0.000019 0.000000 178.721420 7.601679 0.044146 0.017000 406.000000 8.000000
337.106323 -9.622868 0.083262 0.000013 0.000000 279.488403 5.723272 0.052374 0.040000 401.000000 15.000000
337.929962 -8.408812 0.082895 0.000010 0.000000 301.337494 4.842025 0.054926 0.040000 505.000000 22.000000
341.453461 -8.527539 0.081550 0.000017 0.000000 165.651398 6.470816 0.040596 0.017000 355.000000 5.000000
345.971924 -10.676891 0.078197 0.000023 0.000000 199.551590 8.692122 0.038259 0.017000 310.000000 11.000000
345.947815 -10.308242 0.077261 0.000018 0.000000 138.048660 7.474025 0.040934 0.017000 312.000000 8.000000
345.096069 -9.883278 0.079811 0.000026 0.000000 147.690323 10.858255 0.039359 0.008000 211.000000 9.000000
344.855469 -9.496981 0.079135 0.000016 0.000000 230.555267 6.585101 0.036978 0.017000 450.000000 11.000000
322.691772 10.624323 0.061762 0.000014 0.000000 246.166321 6.087447 0.053936 0.040000 409.000000 16.000000
321.599487 10.777511 0.097879 0.000019 0.000000 232.807617 7.416454 0.060601 0.017000 741.000000 10.000000
323.470581 10.439708 0.077875 0.000019 0.000000 251.640305 8.222282 0.063088 0.040000 195.000000 7.000000
322.327484 11.200985 0.089105 0.000022 0.000000 259.955933 8.439307 0.079982 0.040000 492.000000 11.000000
334.353455 12.522975 0.080434 0.000017 0.000000 243.561539 7.229244 0.080991 0.017000 261.000000 7.000000
340.382782 12.580574 0.099788 0.000021 0.000000 273.369690 8.354664 0.044107 0.017000 520.000000 14.000000
339.390106 12.514360 0.098297 0.000022 0.000000 273.075775 9.614683 0.047624 0.040000 376.000000 8.000000
339.024261 13.012403 0.088936 0.000021 0.000000 214.444000 8.711620 0.067014 0.017000 233.000000 7.000000
348.744446 14.090042 0.082986 0.000017 0.000000 196.868332 6.998955 0.052056 0.017000 409.000000 12.000000
351.108246 13.972271 0.042419 0.000010 0.000000 321.690735 4.778158 0.047778 0.040000 372.000000 22.000000
354.504272 15.900447 0.068170 0.000019 0.000000 287.735321 8.434146 0.058863 0.040000 398.000000 20.000000
358.529297 15.969877 0.075221 0.000014 0.000000 274.604736 6.577279 0.039161 0.040000 426.000000 15.000000
358.693085 15.622030 0.073572 0.000016 0.000000 200.792526 6.913850 0.056884 0.017000 295.000000 5.000000
118.953667 34.151192 0.072300 0.000016 0.000000 166.602615 6.519327 0.046407 0.017000 479.000000 8.000000
124.471428 40.726395 0.060869 0.000013 0.000000 208.926910 5.122046 0.050858 0.017000 802.000000 20.000000
125.233070 41.134327 0.059718 0.000013 0.000000 164.283737 5.999836 0.051532 0.008000 236.000000 5.000000
146.689377 54.426929 0.047761 0.000012 0.000000 262.614929 6.353748 0.011616 0.040000 556.000000 61.000000
168.792038 61.110188 0.056605 0.000011 0.000000 206.222778 4.702228 0.009699 0.040000 441.000000 20.000000
186.178162 61.470726 0.069994 0.000014 0.000000 267.518280 7.440975 0.018535 0.040000 305.000000 18.000000
195.662704 62.494244 0.075739 0.000013 0.000000 240.825409 6.091637 0.017859 0.040000 310.000000 12.000000
221.417480 56.210690 0.079368 0.000018 0.000000 192.952530 7.737305 0.019212 0.017000 262.000000 8.000000
223.338409 55.038918 0.074724 0.000014 0.000000 237.061264 5.878153 0.012063 0.017000 178.000000 4.000000
222.844757 55.401367 0.038184 0.000011 0.000000 249.185776 5.654566 0.010594 0.040000 339.000000 12.000000
232.311035 52.863949 0.072920 0.000018 0.000000 271.845276 7.724513 0.013748 0.040000 635.000000 46.000000
233.480927 52.841404 0.072896 0.000014 0.000000 183.122696 5.810255 0.016211 0.017000 233.000000 4.000000
246.855133 42.679710 0.031384 0.000012 0.000000 228.602737 4.950424 0.010021 0.040000 272.000000 20.000000
250.026306 39.456615 0.095840 0.000018 0.000000 278.221558 7.769050 0.012391 0.040000 352.000000 8.000000
247.437027 40.811657 0.029338 0.000008 0.000000 276.312531 4.388163 0.006120 0.040000 597.000000 180.000000
129.046509 38.534752 0.056589 0.000015 0.000000 214.712860 7.060320 0.043694 0.040000 448.000000 28.000000
168.680634 4.024520 0.041672 0.000010 0.000000 241.214355 4.652274 0.048213 0.040000 321.000000 19.000000
175.299240 5.734739 0.097426 0.000025 0.000000 272.315399 10.756135 0.026821 0.040000 660.000000 55.000000
175.554108 5.251709 0.096304 0.000021 0.000000 254.170013 8.896890 0.023183 0.017000 1074.000000 35.000000
177.887787 5.101470 0.075988 0.000015 0.000000 274.610840 8.182137 0.020520 0.040000 251.000000 11.000000
177.472092 5.700786 0.074311 0.000014 0.000000 256.472534 6.676425 0.014158 0.040000 404.000000 27.000000
178.433151 5.547172 0.080678 0.000026 0.000000 78.067604 8.908087 0.016632 0.008000 318.000000 5.000000
182.570053 5.386033 0.076168 0.000020 0.000000 249.374313 8.795259 0.018546 0.017000 596.000000 41.000000
183.271286 5.689677 0.082971 0.000016 0.000000 230.096588 7.012218 0.015785 0.017000 729.000000 17.000000
183.664734 5.467764 0.077798 0.000017 0.000000 230.029678 7.453843 0.019074 0.017000 505.000000 16.000000
184.369308 4.183320 0.079147 0.000019 0.000000 198.600128 7.502585 0.018927 0.017000 670.000000 23.000000
183.737366 5.042472 0.078963 0.000019 0.000000 145.750656 9.136781 0.020570 0.017000 465.000000 15.000000
188.436234 5.539385 0.080846 0.000013 0.000000 226.658020 5.464269 0.023277 0.017000 299.000000 8.000000
190.016998 6.021418 0.075613 0.000017 0.000000 239.346039 7.943920 0.024322 0.017000 497.000000 20.000000
192.972748 4.579798 0.064489 0.000016 0.000000 291.050110 7.348772 0.037523 0.040000 429.000000 28.000000
196.225891 3.824483 0.040996 0.000011 0.000000 108.379066 5.666203 0.029211 0.008000 402.000000 18.000000
207.320602 5.087155 0.078537 0.000016 0.000000 213.292343 7.431218 0.026581 0.017000 213.000000 5.000000
207.382248 5.527384 0.080839 0.000018 0.000000 225.887741 7.216860 0.024045 0.017000 253.000000 6.000000
208.276672 5.149740 0.078847 0.000017 0.000000 331.630554 7.896566 0.025010 0.040000 746.000000 82.000000
130.855347 36.188740 0.052935 0.000014 0.000000 274.197540 6.176973 0.036742 0.040000 376.000000 19.000000
156.256653 47.841850 0.063655 0.000017 0.000000 291.378845 8.561722 0.011311 0.040000 613.000000 30.000000
169.708023 51.741566 0.079358 0.000021 0.000000 184.272644 8.925951 0.018159 0.017000 386.000000 18.000000
172.488144 52.223709 0.048310 0.000010 0.000000 244.750305 4.570673 0.018373 0.040000 180.000000 8.000000
177.050766 52.852093 0.050302 0.000014 0.000000 195.660995 6.194377 0.023100 0.017000 349.000000 16.000000
178.377426 52.689449 0.071639 0.000014 0.000000 202.241547 6.561056 0.027688 0.017000 502.000000 32.000000
180.066452 52.668152 0.062049 0.000016 0.000000 192.293213 7.435630 0.017870 0.040000 601.000000 21.000000
181.224548 52.395378 0.063159 0.000012 0.000000 90.232704 8.857471 0.018871 0.008000 139.000000 4.000000
182.193802 53.333710 0.081312 0.000024 0.000000 154.880829 8.174071 0.020924 0.017000 524.000000 26.000000
181.368256 51.479931 0.085374 0.000019 0.000000 222.474960 8.031308 0.023092 0.017000 479.000000 20.000000
187.197327 51.265259 0.086503 0.000018 0.000000 229.578568 7.378091 0.016616 0.040000 409.000000 20.000000
193.657364 53.089993 0.053820 0.000016 0.000000 315.247314 7.899284 0.008341 0.040000 323.000000 16.000000
116.635307 30.490763 0.057037 0.000013 0.000000 262.992523 6.230978 0.045092 0.040000 242.000000 4.000000
117.597733 31.990183 0.056097 0.000012 0.000000 202.908585 5.252208 0.061807 0.040000 329.000000 14.000000
119.023041 33.744534 0.074299 0.000014 0.000000 228.232254 6.252457 0.055630 0.017000 202.000000 7.000000
120.305328 34.675243 0.082693 0.000017 0.000000 225.951706 7.441780 0.057997 0.017000 238.000000 9.000000
122.412010 34.927006 0.082493 0.000020 0.000000 266.801331 10.044633 0.045771 0.017000 398.000000 18.000000
122.535500 35.275284 0.083991 0.000017 0.000000 275.894226 7.235394 0.050012 0.040000 627.000000 40.000000
122.767982 35.985638 0.081521 0.000016 0.000000 256.270508 6.354963 0.049468 0.040000 598.000000 36.000000
126.502380 40.981113 0.057564 0.000013 0.000000 295.048584 6.402280 0.041733 0.040000 307.000000 14.000000
138.282227 47.708435 0.051348 0.000011 0.000000 234.595459 4.856105 0.017752 0.040000 366.000000 33.000000
151.312164 53.148991 0.046302 0.000012 0.000000 228.979309 5.363536 0.008993 0.040000 637.000000 42.000000
163.402374 54.867939 0.071586 0.000019 0.000000 236.147247 7.702641 0.010084 0.040000 556.000000 47.000000
162.947495 55.385658 0.073927 0.000018 0.000000 320.039856 8.310931 0.011212 0.040000 438.000000 27.000000
162.423889 56.641293 0.046177 0.000013 0.000000 269.410492 6.411139 0.010538 0.040000 280.000000 15.000000
168.069565 57.075996 0.047139 0.000013 0.000000 286.194061 6.069561 0.012115 0.040000 479.000000 35.000000
202.191391 -2.253408 0.087884 0.000021 0.000000 241.554153 8.557312 0.043450 0.017000 519.000000 18.000000
202.543015 -2.105010 0.086573 0.000021 0.000000 233.451599 8.604140 0.040382 0.040000 648.000000 35.000000
202.795135 -1.730286 0.083652 0.000016 0.000000 227.765366 6.826038 0.039581 0.017000 814.000000 84.000000
204.901840 -2.678148 0.092367 0.000023 0.000000 207.149506 8.758187 0.044972 0.017000 504.000000 15.000000
208.215286 -2.608476 0.075100 0.000014 0.000000 316.546478 7.717793 0.046326 0.040000 426.000000 15.000000
217.052185 -2.520013 0.053163 0.000013 0.000000 192.550446 5.799157 0.059861 0.017000 182.000000 8.000000
216.924988 -1.755726 0.053837 0.000012 0.000000 233.256485 5.324260 0.047587 0.040000 240.000000 7.000000
217.750153 -1.800419 0.053889 0.000017 0.000000 208.652039 7.042362 0.043277 0.017000 490.000000 32.000000
236.030975 -1.907838 0.098749 0.000019 0.000000 236.932861 7.473617 0.143517 0.040000 422.000000 13.000000
127.152412 32.609318 0.094106 0.000015 0.000000 244.226456 6.792188 0.045755 0.017000 601.000000 14.000000
127.188904 32.557224 0.093258 0.000013 0.000000 142.863693 7.166912 0.048970 0.017000 635.000000 13.000000
131.814789 35.475056 0.053554 0.000015 0.000000 265.291595 7.198868 0.035763 0.040000 265.000000 11.000000
134.771454 37.553604 0.094856 0.000017 0.000000 188.634430 7.920428 0.037791 0.017000 518.000000 11.000000
140.203369 40.664230 0.072669 0.000021 0.000000 288.533722 10.034504 0.017946 0.017000 481.000000 27.000000
146.526520 42.275711 0.080992 0.000016 0.000000 274.288483 7.715212 0.013342 0.017000 195.000000 4.000000
146.451614 42.899292 0.073232 0.000016 0.000000 153.659180 6.136939 0.013783 0.017000 305.000000 17.000000
146.786743 42.190449 0.072135 0.000017 0.000000 263.315674 8.765873 0.014463 0.040000 208.000000 4.000000
146.709137 43.423866 0.072210 0.000012 0.000000 175.344101 5.361059 0.015295 0.017000 315.000000 19.000000
146.832825 43.400433 0.072298 0.000013 0.000000 252.467392 5.837366 0.013721 0.040000 331.000000 14.000000
152.291916 54.225540 0.047628 0.000011 0.000000 245.239944 4.803267 0.008404 0.040000 410.000000 28.000000
151.215958 54.567879 0.047005 0.000012 0.000000 268.684601 5.448658 0.009035 0.040000 449.000000 24.000000
158.245407 56.748158 0.044838 0.000012 0.000000 279.667755 5.715124 0.006237 0.040000 427.000000 41.000000
158.463425 57.055939 0.046193 0.000011 0.000000 254.401642 5.302106 0.006494 0.040000 403.000000 24.000000
162.300415 57.837254 0.072558 0.000017 0.000000 270.897797 7.973631 0.010563 0.040000 526.000000 19.000000
164.312668 57.757458 0.076648 0.000017 0.000000 197.325699 7.633710 0.006630 0.017000 194.000000 5.000000
160.897079 58.106308 0.071456 0.000019 0.000000 278.958405 8.830014 0.009796 0.040000 582.000000 19.000000
170.110382 59.853046 0.054999 0.000012 0.000000 226.655136 5.499808 0.010754 0.017000 502.000000 12.000000
170.658295 59.315365 0.051511 0.000011 0.000000 236.147476 4.682002 0.009303 0.040000 547.000000 19.000000
180.976486 60.818577 0.064380 0.000015 0.000000 199.448395 6.384098 0.017073 0.017000 362.000000 17.000000
183.702667 59.906200 0.060049 0.000016 0.000000 246.054428 7.295088 0.017145 0.040000 437.000000 37.000000
183.399323 59.353054 0.096772 0.000025 0.000000 259.735931 9.992782 0.019253 0.017000 203.000000 6.000000
182.074600 59.693714 0.058389 0.000012 0.000000 186.004944 4.756520 0.020885 0.017000 453.000000 9.000000
200.426254 58.940147 0.075184 0.000032 0.000000 275.049500 13.636666 0.008265 0.017000 312.000000 8.000000
201.318787 59.079563 0.074905 0.000015 0.000000 221.973785 6.134761 0.012151 0.040000 497.000000 19.000000
203.210556 59.512501 0.073587 0.000018 0.000000 145.211700 6.741400 0.014044 0.017000 516.000000 12.000000
203.609970 59.373726 0.072302 0.000011 0.000000 288.020447 5.690186 0.010527 0.040000 359.000000 13.000000
156.433456 47.326447 0.062131 0.000013 0.000000 264.020538 6.398618 0.009581 0.040000 317.000000 12.000000
173.705414 49.077637 0.033335 0.000013 0.000000 298.513733 5.869860 0.016263 0.040000 661.000000 115.000000
185.532272 49.587772 0.085392 0.000019 0.000000 216.311920 8.070829 0.018053 0.017000 496.000000 7.000000
255.677078 34.060024 0.099298 0.000036 0.000000 598.200989 27.365425 0.023307 0.040000 1127.000000 93.000000
255.638092 33.516659 0.086376 0.000016 0.000000 319.622955 7.736513 0.025775 0.040000 951.000000 85.000000
258.677307 31.831059 0.079660 0.000016 0.000000 165.030579 6.978189 0.039212 0.017000 164.000000 7.000000
324.804504 -0.508541 0.063727 0.000013 0.000000 233.683762 5.758358 0.055564 0.040000 404.000000 11.000000
164.379913 6.660454 0.070238 0.000016 0.000000 210.025238 6.360359 0.031075 0.040000 370.000000 10.000000
165.739777 7.603864 0.070909 0.000015 0.000000 260.906708 6.418331 0.039908 0.040000 321.000000 20.000000
166.813599 7.719536 0.074319 0.000014 0.000000 193.885788 6.205304 0.034038 0.017000 202.000000 7.000000
152.158783 50.106251 0.051583 0.000012 0.000000 213.888824 5.809843 0.009655 0.017000 142.000000 4.000000
155.399948 52.233990 0.069134 0.000015 0.000000 192.799072 6.780163 0.015599 0.017000 147.000000 4.000000
155.736923 52.110741 0.077987 0.000014 0.000000 174.429504 7.103065 0.013645 0.017000 349.000000 6.000000
158.160675 53.156593 0.066786 0.000014 0.000000 228.633682 6.190690 0.019988 0.040000 397.000000 16.000000
164.941696 53.803635 0.071150 0.000015 0.000000 307.685638 6.591133 0.013220 0.040000 427.000000 16.000000
169.634598 53.814533 0.033350 0.000008 0.000000 139.717621 3.319098 0.012220 0.017000 371.000000 13.000000
168.651855 54.759869 0.072814 0.000015 0.000000 169.141846 6.419481 0.011146 0.017000 543.000000 18.000000
168.849457 54.444099 0.069526 0.000014 0.000000 225.149368 5.929648 0.013708 0.040000 621.000000 54.000000
172.174973 54.172256 0.070431 0.000017 0.000000 237.958817 7.852152 0.015046 0.040000 523.000000 34.000000
170.484055 55.011074 0.073600 0.000022 0.000000 224.130356 9.557521 0.013049 0.017000 207.000000 7.000000
169.762650 54.441097 0.070919 0.000013 0.000000 207.492996 5.523772 0.012085 0.017000 247.000000 10.000000
169.947128 54.815430 0.072133 0.000014 0.000000 203.831848 6.207568 0.010856 0.017000 193.000000 5.000000
171.754807 54.377361 0.068329 0.000016 0.000000 239.049103 7.736898 0.014073 0.040000 570.000000 12.000000
172.428604 55.380466 0.068476 0.000015 0.000000 281.439270 6.879382 0.011561 0.040000 492.000000 32.000000
174.014633 55.075298 0.057069 0.000014 0.000000 240.410080 6.504522 0.012842 0.040000 441.000000 43.000000
175.602036 54.774166 0.058148 0.000012 0.000000 252.293411 5.663087 0.010306 0.040000 393.000000 11.000000
173.578262 54.186943 0.069418 0.000017 0.000000 78.867569 7.292473 0.009696 0.008000 496.000000 14.000000
175.511429 55.390614 0.066675 0.000015 0.000000 233.561859 6.803661 0.016997 0.040000 280.000000 9.000000
176.839157 55.730183 0.051536 0.000013 0.000000 269.160553 6.528614 0.009564 0.040000 684.000000 85.000000
181.220596 54.231762 0.050278 0.000017 0.000000 201.241364 7.344551 0.016672 0.017000 351.000000 16.000000
180.860260 54.868641 0.050431 0.000011 0.000000 197.862289 5.074598 0.017652 0.017000 395.000000 27.000000
177.024582 54.646278 0.059873 0.000016 0.000000 238.145355 7.580576 0.013098 0.040000 535.000000 59.000000
177.546997 53.722416 0.060313 0.000015 0.000000 231.349884 6.639690 0.014440 0.017000 283.000000 11.000000
179.967361 55.534866 0.080779 0.000012 0.000000 292.434479 7.190739 0.013789 0.040000 386.000000 16.000000
191.850967 54.987034 0.083287 0.000017 0.000000 263.347778 7.792233 0.013724 0.040000 625.000000 41.000000
197.655197 54.494652 0.063941 0.000018 0.000000 201.140945 7.664148 0.030253 0.017000 272.000000 9.000000
196.380173 53.908985 0.091577 0.000022 0.000000 273.719482 9.375058 0.023787 0.040000 325.000000 8.000000
198.493103 53.469261 0.062149 0.000016 0.000000 262.264465 6.614493 0.029021 0.040000 352.000000 11.000000
196.482895 53.659267 0.029439 0.000011 0.000000 247.468582 4.912212 0.021155 0.040000 361.000000 35.000000
212.043594 52.680050 0.082875 0.000016 0.000000 238.406311 8.234305 0.008746 0.040000 226.000000 5.000000
212.481995 52.553097 0.082082 0.000019 0.000000 226.703140 8.520740 0.012329 0.017000 403.000000 13.000000
212.955994 52.816704 0.076489 0.000016 0.000000 263.107147 7.420022 0.009357 0.040000 470.000000 19.000000
213.834854 52.345882 0.074512 0.000016 0.000000 263.011871 8.089427 0.012966 0.017000 263.000000 12.000000
224.020386 47.453453 0.087191 0.000019 0.000000 298.367493 8.598826 0.025872 0.040000 518.000000 13.000000
224.640015 47.497616 0.085461 0.000019 0.000000 298.868042 8.533879 0.028420 0.017000 519.000000 26.000000
229.052094 45.233063 0.063571 0.000014 0.000000 242.744324 6.220421 0.033670 0.040000 196.000000 5.000000
229.774384 45.032188 0.064476 0.000013 0.000000 197.664520 5.697460 0.023412 0.040000 428.000000 20.000000
230.120773 44.970982 0.063381 0.000015 0.000000 252.833084 6.698256 0.024090 0.040000 473.000000 13.000000
243.239578 37.396145 0.067980 0.000014 0.000000 206.538300 5.690915 0.015563 0.017000 693.000000 18.000000
242.807663 36.973385 0.067423 0.000015 0.000000 258.103607 6.988149 0.013866 0.040000 512.000000 29.000000
243.725769 37.185139 0.058465 0.000013 0.000000 232.719986 5.786912 0.017824 0.040000 629.000000 12.000000
119.679733 30.773809 0.076317 0.000020 0.000000 231.774048 8.183742 0.054344 0.017000 902.000000 30.000000
51.525711 -0.615750 0.037417 0.000012 0.000000 261.239502 5.578648 0.108485 0.040000 315.000000 43.000000
353.856995 1.059070 0.084385 0.000016 0.000000 322.979553 7.745936 0.045782 0.040000 643.000000 50.000000
209.748901 58.399998 0.060203 0.000013 0.000000 291.276703 7.048749 0.011292 0.040000 120.000000 4.000000
214.667435 56.469547 0.074111 0.000016 0.000000 227.778534 7.179726 0.015924 0.040000 683.000000 19.000000
218.449097 56.608112 0.074502 0.000015 0.000000 203.528137 6.412684 0.018184 0.017000 182.000000 5.000000
223.054016 53.425171 0.095323 0.000024 0.000000 207.880173 9.480826 0.011912 0.017000 389.000000 12.000000
223.511429 54.265644 0.098627 0.000021 0.000000 294.774841 9.042543 0.013644 0.017000 371.000000 21.000000
221.666168 55.530407 0.074776 0.000017 0.000000 215.883255 7.048424 0.014146 0.040000 326.000000 10.000000
222.129272 55.411015 0.073027 0.000022 0.000000 199.322037 9.007654 0.013700 0.017000 291.000000 7.000000
223.741211 54.835831 0.070971 0.000017 0.000000 233.157288 7.066153 0.012056 0.017000 298.000000 5.000000
229.991547 51.313061 0.075161 0.000019 0.000000 308.532318 8.277166 0.017732 0.040000 555.000000 15.000000
235.254776 47.573772 0.074982 0.000017 0.000000 240.077133 7.818798 0.015300 0.040000 617.000000 14.000000
240.236786 45.417660 0.042498 0.000012 0.000000 204.270523 5.392297 0.016847 0.017000 145.000000 8.000000
244.911362 40.876293 0.060797 0.000015 0.000000 263.274719 7.166265 0.007037 0.040000 213.000000 7.000000
244.501755 41.392193 0.061189 0.000014 0.000000 211.130264 6.319177 0.009878 0.017000 352.000000 18.000000
251.220276 34.214233 0.085054 0.000020 0.000000 289.792175 9.914203 0.021392 0.040000 278.000000 6.000000
253.564438 31.397474 0.098984 0.000022 0.000000 211.149567 9.071237 0.031260 0.017000 463.000000 17.000000
253.948746 32.289776 0.085846 0.000025 0.000000 179.080231 10.792043 0.029367 0.017000 556.000000 14.000000
326.019623 -8.459666 0.053755 0.000013 0.000000 168.903946 5.712902 0.046497 0.017000 522.000000 14.000000
123.882393 3.844482 0.086385 0.000018 0.000000 211.341690 6.938461 0.021935 0.040000 357.000000 11.000000
125.745453 4.299103 0.096942 0.000020 0.000000 292.658844 9.361969 0.027863 0.040000 754.000000 23.000000
125.840279 4.372472 0.031063 0.000012 0.000000 222.555405 5.232140 0.027582 0.017000 484.000000 34.000000
134.169693 5.896487 0.093901 0.000023 0.000000 236.644882 9.107131 0.054642 0.040000 499.000000 17.000000
133.820221 4.467812 0.072443 0.000013 0.000000 225.845245 6.061150 0.053778 0.040000 617.000000 18.000000
141.324921 7.065331 0.080275 0.000022 0.000000 259.528931 8.318875 0.053061 0.040000 331.000000 5.000000
140.230957 6.836813 0.079281 0.000019 0.000000 194.767715 7.866137 0.041513 0.017000 498.000000 14.000000
139.967178 7.026586 0.079274 0.000018 0.000000 231.760742 8.051927 0.041773 0.040000 409.000000 12.000000
133.504532 40.228611 0.087306 0.000020 0.000000 230.294968 8.506127 0.026059 0.040000 463.000000 19.000000
133.896805 40.464825 0.087465 0.000020 0.000000 303.834045 9.357326 0.023006 0.017000 388.000000 11.000000
134.633438 38.493233 0.093382 0.000019 0.000000 211.895248 8.064240 0.028103 0.040000 503.000000 33.000000
134.976761 39.438583 0.094777 0.000019 0.000000 229.059097 7.738730 0.025796 0.017000 410.000000 30.000000
133.674393 40.405788 0.088700 0.000018 0.000000 238.819229 7.879193 0.027102 0.040000 382.000000 9.000000
127.131859 30.431326 0.050319 0.000013 0.000000 297.549896 6.751461 0.047579 0.040000 822.000000 101.000000
165.325653 9.286673 0.036199 0.000011 0.000000 126.241928 4.477522 0.025976 0.017000 257.000000 8.000000
164.994553 8.955976 0.061674 0.000015 0.000000 233.919479 6.313934 0.029291 0.040000 207.000000 6.000000
165.188904 10.553179 0.033840 0.000013 0.000000 293.253937 6.170550 0.028776 0.040000 754.000000 66.000000
164.865463 9.835713 0.064112 0.000021 0.000000 202.136398 9.194757 0.029289 0.040000 748.000000 28.000000
175.401154 9.613955 0.077290 0.000028 0.000000 208.840378 11.028648 0.039925 0.017000 341.000000 14.000000
180.059525 10.696771 0.061184 0.000013 0.000000 207.768860 5.579920 0.026435 0.040000 257.000000 12.000000
180.355469 10.637919 0.062381 0.000013 0.000000 204.638977 5.511330 0.025773 0.017000 368.000000 16.000000
181.346786 10.379523 0.094877 0.000018 0.000000 265.308777 8.195704 0.019794 0.040000 242.000000 9.000000
152.812027 8.685817 0.097440 0.000029 0.000000 254.944214 11.410756 0.034291 0.040000 309.000000 10.000000
153.026657 8.692534 0.098442 0.000025 0.000000 234.173172 9.496803 0.030016 0.040000 258.000000 6.000000
155.165237 7.859421 0.045094 0.000010 0.000000 226.311584 4.608737 0.024770 0.040000 259.000000 10.000000
194.613708 50.280613 0.099329 0.000020 0.000000 225.481339 8.792934 0.017287 0.017000 264.000000 8.000000
215.399719 44.708061 0.090824 0.000020 0.000000 277.535919 8.526484 0.007919 0.040000 389.000000 14.000000
215.840637 46.092052 0.073382 0.000015 0.000000 236.289566 6.703545 0.014290 0.017000 220.000000 11.000000
217.912048 44.005283 0.095708 0.000021 0.000000 252.634232 9.712725 0.016892 0.040000 343.000000 11.000000
217.082932 45.986008 0.073560 0.000016 0.000000 216.430313 7.857594 0.015414 0.017000 295.000000 11.000000
173.096664 55.967442 0.051540 0.000014 0.000000 195.356369 6.147608 0.018878 0.040000 364.000000 27.000000
177.522095 56.480961 0.065988 0.000014 0.000000 243.286194 6.647967 0.014373 0.040000 365.000000 14.000000
173.010010 57.022575 0.067558 0.000016 0.000000 210.489990 6.150208 0.013478 0.017000 125.000000 4.000000
196.777664 55.830841 0.094240 0.000021 0.000000 211.641754 8.830653 0.013042 0.017000 554.000000 9.000000
205.937576 55.633781 0.068224 0.000015 0.000000 219.071945 6.887951 0.009993 0.040000 356.000000 32.000000
207.024918 56.099365 0.068866 0.000016 0.000000 234.745163 7.195482 0.008075 0.017000 329.000000 9.000000
213.487732 52.764496 0.084699 0.000013 0.000000 128.754837 6.971281 0.011532 0.008000 328.000000 7.000000
218.394577 52.719536 0.045048 0.000016 0.000000 266.990265 7.264234 0.008004 0.040000 282.000000 32.000000
216.833298 54.288910 0.043735 0.000011 0.000000 229.834167 5.342535 0.011017 0.040000 208.000000 10.000000
217.452087 53.965031 0.043145 0.000012 0.000000 254.502304 5.845463 0.009009 0.040000 332.000000 24.000000
218.290833 53.232685 0.044156 0.000013 0.000000 270.260864 6.194667 0.007638 0.040000 442.000000 20.000000
223.064423 50.373634 0.094301 0.000022 0.000000 245.930313 8.799814 0.019757 0.017000 408.000000 10.000000
230.217697 48.660728 0.073843 0.000022 0.000000 310.440491 10.937183 0.016982 0.040000 670.000000 38.000000
235.018723 46.105946 0.036558 0.000011 0.000000 198.080002 5.177390 0.016385 0.017000 272.000000 17.000000
238.758026 41.578342 0.033563 0.000012 0.000000 239.315842 5.603791 0.018664 0.040000 623.000000 56.000000
251.689224 31.062101 0.088724 0.000028 0.000000 186.583176 7.625037 0.034030 0.017000 223.000000 8.000000
251.933533 29.941935 0.100262 0.000027 0.000000 264.539917 12.551143 0.047176 0.040000 884.000000 26.000000
203.785324 42.647213 0.060888 0.000019 0.000000 219.440918 8.436080 0.011594 0.040000 314.000000 8.000000
203.956924 42.678307 0.062764 0.000019 0.000000 202.233536 8.454845 0.011184 0.040000 256.000000 12.000000
204.127182 43.404816 0.054143 0.000016 0.000000 272.735840 7.020803 0.015165 0.040000 387.000000 14.000000
207.643799 43.436008 0.092791 0.000025 0.000000 185.297867 9.205975 0.015345 0.017000 118.000000 5.000000
212.517456 41.755798 0.093709 0.000020 0.000000 295.171539 9.524147 0.009354 0.040000 573.000000 16.000000
238.921707 28.967962 0.077190 0.000021 0.000000 192.316696 10.416216 0.045156 0.017000 504.000000 36.000000
238.015244 27.866579 0.080961 0.000023 0.000000 306.392029 9.208643 0.030435 0.040000 391.000000 12.000000
239.307571 28.286875 0.090857 0.000022 0.000000 192.142868 9.113074 0.038387 0.017000 317.000000 7.000000
239.484955 28.795620 0.077348 0.000016 0.000000 310.401062 7.752958 0.043344 0.040000 482.000000 30.000000
239.583344 27.233419 0.090807 0.000029 0.000000 272.618713 13.612216 0.044166 0.040000 974.000000 166.000000
240.101532 26.676449 0.089907 0.000039 0.000000 205.677322 12.168180 0.048717 0.017000 429.000000 9.000000
239.122620 27.576832 0.088577 0.000022 0.000000 233.370987 8.735120 0.040110 0.040000 520.000000 24.000000
239.448303 27.741415 0.088297 0.000022 0.000000 201.075760 8.833445 0.039239 0.017000 484.000000 21.000000
240.923264 26.877974 0.089129 0.000020 0.000000 150.580292 7.021564 0.044096 0.017000 229.000000 8.000000
247.944412 25.595592 0.063354 0.000017 0.000000 213.239120 8.267713 0.034365 0.017000 420.000000 19.000000
248.299866 27.000183 0.071196 0.000022 0.000000 181.940994 8.529846 0.057587 0.017000 159.000000 5.000000
248.274597 26.211817 0.066018 0.000022 0.000000 309.265747 9.199581 0.048554 0.040000 339.000000 13.000000
208.160568 46.349850 0.062267 0.000015 0.000000 371.618286 7.971701 0.018479 0.040000 536.000000 49.000000
23.723833 -0.664984 0.084091 0.000014 0.000000 269.659576 5.987116 0.033186 0.040000 497.000000 26.000000
212.022034 5.417519 0.087017 0.000019 0.000000 320.839233 9.225427 0.022426 0.040000 676.000000 35.000000
230.343933 4.341718 0.052157 0.000014 0.000000 279.980438 6.040231 0.049046 0.040000 417.000000 10.000000
229.756073 4.520775 0.036505 0.000012 0.000000 285.037170 5.144907 0.043061 0.040000 446.000000 8.000000
